$ANSIBLE_VAULT;1.1;AES256
33626234303132373138363439393435336539346438626237383330316637663636303134343830
3062363665323632313636343131666465373538333639620a346630666238366232623830356432
64376530313335393863383961623938626266616462316133303635653833333262643430643061
3061656166626235320a653238336538363137343361353837386563323332323436383864353938
63323435323331656439643462323331303339633963353232393866613866306233643065653438
66363231613465636435636666333465613634333734643632303238633831323930666263653763
38386264323530303938336233623335313134303964613533363135343262633035356330636336
62383639316137373333333361373866313233653464653364663839643038333633393961336634
66306565383862336534396134363434653437356331373032633963636532386462333031376638
37613234393030366638326634306139616338383833393461623762643839323031636230353063
34616537366534313139393632613965343839613736366161353535623038336666353238653866
63386130373336316261
